1.200000000000000178e+01
6.000000000000002665e+00
8.000000000000000000e+00
4.999999999999999112e+00
5.999999999999998224e+00
6.000000000000000888e+00
6.000000000000000888e+00
6.000000000000000888e+00
1.000000000000000000e+01
1.300000000000000178e+01
8.999999999999996447e+00
5.999999999999999112e+00
7.999999999999997335e+00
1.499999999999999822e+01
7.999999999999999112e+00
4.000000000000000000e+00
5.999999999999998224e+00
8.000000000000003553e+00
1.300000000000000178e+01
9.999999999999998224e+00
7.000000000000000888e+00
4.999999999999997335e+00
5.000000000000000000e+00
1.499999999999999822e+01
5.999999999999998224e+00
7.999999999999999112e+00
1.099999999999999822e+01
3.999999999999998668e+00
9.000000000000000000e+00
8.000000000000003553e+00
7.999999999999999112e+00
1.099999999999999822e+01
7.000000000000002665e+00
1.299999999999999645e+01
1.300000000000000178e+01
6.000000000000001776e+00
1.499999999999999645e+01
9.000000000000000000e+00
9.999999999999998224e+00
1.599999999999999822e+01
8.999999999999998224e+00
1.099999999999999645e+01
9.999999999999998224e+00
1.099999999999999645e+01
1.299999999999999822e+01
1.099999999999999645e+01
1.500000000000000178e+01
8.999999999999998224e+00
2.999999999999999556e+00
7.999999999999998224e+00
1.199999999999999822e+01
1.199999999999999822e+01
1.499999999999999645e+01
9.999999999999996447e+00
1.500000000000000355e+01
1.299999999999999822e+01
1.199999999999999645e+01
7.000000000000000888e+00
9.999999999999998224e+00
1.000000000000000000e+01
1.299999999999999822e+01
1.099999999999999822e+01
9.999999999999998224e+00
7.999999999999998224e+00
1.099999999999999822e+01
9.000000000000000000e+00
1.399999999999999645e+01
7.999999999999998224e+00
6.999999999999998224e+00
1.299999999999999645e+01
7.999999999999999112e+00
1.200000000000000178e+01
1.000000000000000000e+01
1.200000000000000178e+01
1.099999999999999822e+01
9.000000000000001776e+00
1.099999999999999467e+01
1.400000000000000533e+01
9.999999999999996447e+00
7.999999999999999112e+00
1.199999999999999645e+01
7.999999999999999112e+00
8.999999999999996447e+00
5.000000000000000000e+00
1.199999999999999822e+01
1.000000000000000178e+01
1.299999999999999822e+01
1.299999999999999822e+01
8.000000000000000000e+00
7.999999999999998224e+00
6.000000000000000888e+00
6.999999999999998224e+00
5.999999999999999112e+00
5.999999999999995559e+00
1.999999999999998224e+00
5.999999999999998224e+00
1.999999999999998446e+00
3.999999999999999112e+00
6.999999999999999112e+00
7.999999999999997335e+00
1.199999999999999645e+01
