1.455191522836685300e-16
-3.637978807091713126e-16
5.957853580236891051e-19
1.000000000000000000e+00
1.000000000000000222e+00
2.910383045673370599e-16
-4.365574568510056146e-16
6.735659507753129164e-17
1.455191522836685300e-16
4.427165565846414542e-16
-5.456968210637570182e-17
3.557927910889592718e-16
7.275957614183426499e-17
1.000000000000000000e+00
-4.365574568510056146e-16
2.158756671986448647e-16
-1.455191522836685300e-16
4.545914203921708570e-17
-7.275957614183426499e-17
-1.637090463191270931e-16
9.999999999999997780e-01
3.483653447279698253e-17
1.000000000000000000e+00
2.000000000000000000e+00
-3.713064399670639358e-17
1.272580085588365790e-16
1.000000000000000444e+00
-4.733212688051894101e-17
9.999999999999998890e-01
-9.094947017729282815e-17
2.836740535310631853e-16
2.910383045673370599e-16
1.356148991451507854e-16
4.571846299663217115e-17
0.000000000000000000e+00
1.123883308469526893e-16
-7.738312996179346033e-17
1.000000000000000222e+00
-9.094947017729282815e-17
2.301160323300095513e-16
-4.183675628155470021e-16
9.999999999999997780e-01
1.000000000000000000e+00
1.432361872063536845e-16
9.999999999999997780e-01
-3.373788750058347870e-16
-1.818989403545856625e-17
-1.454353049684623985e-17
1.455191522836685300e-16
2.605346161945101039e-17
-4.152197090028674142e-16
9.999999999999994449e-01
9.999999999999998890e-01
2.466443805084400147e-17
1.000000000000000444e+00
1.544468034219898939e-16
1.635492684501208611e-16
1.000000000000000000e+00
2.182787284255028073e-16
-4.311545030857938030e-16
1.000000000000000000e+00
-7.275957614183426499e-17
1.521413182188743515e-16
1.275488972619766028e-16
1.533140735111446121e-18
1.000000000000000222e+00
7.253406099401002703e-17
-7.351332996170950749e-17
1.999999999999999556e+00
9.999999999999997780e-01
1.110313912510212027e-16
1.331928027393139364e-16
1.000000000000000000e+00
1.216886679907598647e-16
-4.729372449219227409e-16
9.999999999999997780e-01
-1.455191522836685300e-16
-1.503385399332996510e-16
1.818989403545856563e-16
-2.303181674118769872e-16
-4.030503324845255083e-16
-2.182787284255028073e-16
-2.060019064715360512e-16
1.273292582482099668e-16
-1.455191522836685300e-16
1.616392783185767473e-17
-1.640113347661264892e-16
3.637978807091713126e-16
-1.871290898742743681e-16
-2.575203007276036736e-17
-2.100635264404280758e-16
1.000000000000000000e+00
-3.637978807091713249e-17
5.737879348058201906e-16
-1.345782125854691211e-16
2.182787284255028073e-16
-2.546585164964199336e-16
9.999999999999997780e-01
1.000000000000000000e+00
-1.891013186014085727e-16
9.999999999999997780e-01
