9.999999999999994449e-01
1.000000000000000444e+00
9.999999999999994449e-01
1.000000000000000444e+00
1.000000000000000000e+00
3.601228981579989941e-17
-3.637978807091713126e-16
-3.591160615481420166e-16
-3.616886367972775928e-16
9.999999999999997780e-01
2.182787284255028073e-16
9.999999999999996669e-01
1.000000000000000000e+00
-1.455191522836685300e-16
1.000000000000000444e+00
1.999999999999999556e+00
9.999999999999997780e-01
-1.823332116434578712e-16
9.999999999999994449e-01
-4.352119018644985638e-16
-3.719956108538893540e-16
1.999999999999999556e+00
9.999999999999996669e-01
-3.458447493729327386e-16
-2.182787284255028073e-16
-2.767200782053136564e-16
9.999999999999997780e-01
9.999999999999998890e-01
9.999999999999996669e-01
1.000000000000000000e+00
-3.637978807091713126e-16
9.999999999999994449e-01
-4.365574568510056146e-16
1.818989403545856563e-16
-2.182787284255028073e-16
-2.283008511480223008e-16
-2.000888343900442195e-16
1.067005536455262936e-16
9.999999999999997780e-01
1.000000000000000000e+00
-2.000888343900442195e-16
-2.406339905445679380e-16
2.000000000000000000e+00
-3.637978807091713249e-17
-1.383004887119862078e-16
9.999999999999994449e-01
2.141157388609603067e-16
1.000000000000000000e+00
2.000000000000000000e+00
0.000000000000000000e+00
-3.637978807091713126e-16
2.000888343900442195e-16
1.902178360839921926e-17
-6.475900684199252884e-17
9.999999999999998890e-01
9.999999999999997780e-01
1.999999999999999556e+00
1.000000000000000000e+00
3.637978807091713126e-16
-3.711499452460617757e-16
-1.774472946887147207e-16
-1.845158063968375871e-16
2.845873701490350889e-16
4.990750077050946923e-16
2.000888343900442195e-16
1.259162029386925026e-16
1.999999999999999556e+00
-2.273736754432320704e-17
3.197907987130728983e-16
9.999999999999997780e-01
1.195508780099659902e-16
-3.086383102487979343e-16
9.999999999999994449e-01
5.456968210637570182e-17
1.000000000000000666e+00
9.999999999999994449e-01
-6.861848731976870733e-16
9.999999999999997780e-01
2.182787284255028073e-16
1.000000000000000444e+00
9.999999999999998890e-01
-2.974255223156413830e-16
-1.509810005024238908e-16
1.000000000000000888e+00
-3.409659878305288533e-16
1.000000000000000000e+00
9.999999999999998890e-01
6.548361852765083725e-16
9.999999999999997780e-01
9.999999999999998890e-01
1.834649089809879391e-17
2.000000000000000000e+00
-6.224461330380327131e-16
1.000000000000000444e+00
-1.647546033735273243e-16
9.999999999999997780e-01
1.930917280159927422e-16
1.999999999999999778e+00
1.091393642127514036e-16
9.999999999999992228e-01
3.092281986027956231e-16
