1.000000000000000000e+00
1.000000000000000000e+00
2.153407287064326238e-16
9.357904393692544415e-17
1.000000000000000444e+00
2.000000000000000444e+00
-2.638421418519065138e-17
9.499497155289607069e-17
9.119024887342201023e-17
1.000000000000000444e+00
1.091393642127514036e-16
1.000000000000000222e+00
-1.948261169428336429e-16
9.999999999999997780e-01
2.000000000000000000e+00
-1.809581088255686655e-16
1.000000000000000000e+00
2.000000000000000000e+00
3.637978807091713126e-16
4.183675628155470021e-16
-1.455191522836685300e-16
-5.093170329928398672e-16
1.000000000000000000e+00
2.182787284255028073e-16
2.546585164964199336e-16
-1.818989403545856625e-17
1.000000000000000444e+00
2.222816059176135479e-16
1.999999999999999778e+00
1.999999999999999778e+00
9.999999999999997780e-01
1.000000000000000000e+00
2.331847139707501162e-16
1.000000000000000222e+00
-4.070307734502803238e-16
-5.456968210637570182e-17
-9.094947017729282815e-17
-5.110734295158741037e-17
-3.773662336189229403e-17
-1.465840724588442528e-16
1.000000000000000000e+00
-1.612440116215634464e-16
2.000000000000000000e+00
-5.979752083749458258e-16
1.455191522836685300e-16
1.000000000000000444e+00
-2.182787284255028073e-16
1.457631273947795186e-16
-4.051979328240820900e-16
9.999999999999998890e-01
2.872639548944632650e-16
9.999999999999998890e-01
3.819877747446298758e-16
3.000000000000000444e+00
-3.598575811122239004e-16
-1.944039135247566679e-16
1.039718441124238804e-16
-2.291013332093492204e-16
6.257277095951166537e-17
-4.189945294363567172e-16
3.637978807091713126e-16
-1.043607186823731141e-16
-2.084174292023562187e-17
2.000000000000000000e+00
-2.256121987066160821e-16
-2.399009267143785461e-16
2.887010732583246336e-16
2.601946952841245119e-16
-2.000888343900442195e-16
9.999999999999997780e-01
-3.201959962453565552e-16
1.000000000000000000e+00
1.000000000000000000e+00
2.182787284255028073e-16
1.999999999999999778e+00
5.412739607448004544e-16
2.913505225880914028e-16
-1.455191522836685300e-16
2.910383045673370599e-16
2.000000000000000000e+00
-1.850810201918287171e-16
9.999999999999997780e-01
-5.050209293533359078e-16
2.000000000000000000e+00
-7.275957614183426499e-17
9.999999999999997780e-01
-4.072901139891019525e-16
3.433999930810467116e-16
-3.161470261018705714e-16
7.275957614183426499e-17
8.378004704435375026e-17
-7.124691919986237396e-16
2.031320850959922963e-17
-3.572033348402953018e-17
2.028785400608251909e-16
-4.858228081998194741e-16
1.000000000000000666e+00
1.000000000000000222e+00
1.999999999999999778e+00
-9.094947017729282815e-17
6.260293083871020823e-17
