7.275957614183426499e-17
9.999999999999997780e-01
0.000000000000000000e+00
2.000000000000000000e+00
1.000995561091588527e-16
9.999999999999992228e-01
-1.091393642127514036e-16
1.000000000000000222e+00
-2.651320589953147432e-16
1.999999999999999556e+00
1.004565164870296111e-16
9.999999999999992228e-01
9.999999999999994449e-01
-1.002212272251953509e-17
9.999999999999998890e-01
1.000000000000000222e+00
-1.382754504777233237e-16
1.000000000000000000e+00
-6.966451783084892392e-17
-1.455191522836685300e-16
9.999999999999998890e-01
9.999999999999997780e-01
-3.274180926382541863e-16
9.999999999999994449e-01
8.185452315956354903e-16
1.000000000000000444e+00
9.999999999999993339e-01
-7.457856554538012377e-16
9.999999999999992228e-01
3.749414722422131400e-17
9.470647335312395142e-17
1.000000000000000000e+00
2.186717070273560837e-16
4.365574568510056146e-16
2.000000000000000000e+00
9.094947017729282815e-17
-2.182787284255028073e-16
1.091393642127514036e-16
5.193159691864573741e-16
-1.050534314180307990e-16
-2.371762247596948044e-16
-1.027618043571150815e-16
0.000000000000000000e+00
9.999999999999997780e-01
2.000000000000000444e+00
1.000000000000000222e+00
1.000000000000000000e+00
1.793502912349670153e-16
-3.089334345777478981e-16
-3.637978807091713126e-16
3.356210751887937021e-17
2.546585164964199336e-16
2.000000000000000444e+00
9.999999999999994449e-01
-2.198497410817861702e-16
1.000000000000000000e+00
-1.943472274444020930e-16
-1.455191522836685300e-16
1.999999999999999778e+00
0.000000000000000000e+00
-3.177312388724750057e-17
9.999999999999997780e-01
9.999999999999994449e-01
5.156366395714312432e-16
-7.275957614183426499e-17
-3.274180926382541863e-16
-4.471838405278623303e-16
-2.910383045673370599e-16
2.364686224609613704e-16
1.000000000000000666e+00
1.940775449638542833e-16
9.999999999999998890e-01
1.000000000000000444e+00
1.000000000000000444e+00
9.999999999999998890e-01
-5.456968210637569936e-16
-7.275957614183426499e-17
-6.548361852765083725e-16
9.999999999999993339e-01
2.000000000000000000e+00
2.132334613022563306e-17
2.540006482290884755e-17
9.999999999999994449e-01
1.572208497446396740e-16
9.999999999999997780e-01
1.999999999999999556e+00
1.000000000000000444e+00
4.365574568510056146e-16
9.999999999999997780e-01
9.999999999999997780e-01
1.455191522836685300e-16
9.999999999999996669e-01
6.141215413232513819e-17
-1.576236857848219251e-16
-5.911715561524034261e-17
3.637978807091713126e-16
1.000000000000000888e+00
1.000000000000000444e+00
9.999999999999997780e-01
9.999999999999998890e-01
9.999999999999997780e-01
