2.100000000000000711e+01
1.900000000000000355e+01
2.599999999999999289e+01
2.200000000000000355e+01
1.700000000000000000e+01
1.399999999999999645e+01
1.499999999999999822e+01
2.399999999999999645e+01
2.799999999999999645e+01
1.900000000000000355e+01
2.000000000000000000e+01
2.100000000000000000e+01
3.000000000000000355e+01
2.199999999999999645e+01
2.100000000000000000e+01
1.900000000000000000e+01
2.200000000000000355e+01
2.199999999999999289e+01
2.100000000000000000e+01
2.200000000000000711e+01
2.300000000000000355e+01
1.999999999999999645e+01
1.899999999999999645e+01
1.899999999999999289e+01
1.900000000000000000e+01
2.899999999999999289e+01
1.399999999999999822e+01
2.700000000000000355e+01
2.599999999999999645e+01
2.299999999999999645e+01
2.400000000000000355e+01
2.000000000000000000e+01
1.899999999999999645e+01
3.100000000000000355e+01
3.400000000000000000e+01
2.599999999999999645e+01
2.900000000000000355e+01
2.800000000000000355e+01
1.800000000000000000e+01
2.799999999999999645e+01
2.199999999999999645e+01
2.299999999999999645e+01
1.900000000000000000e+01
3.899999999999999289e+01
2.999999999999999645e+01
1.800000000000000000e+01
2.499999999999999645e+01
2.100000000000000000e+01
2.299999999999999645e+01
2.800000000000000355e+01
2.299999999999999645e+01
2.699999999999999645e+01
2.999999999999999645e+01
2.699999999999999289e+01
3.800000000000000000e+01
2.599999999999999289e+01
2.000000000000000000e+01
2.599999999999999289e+01
3.200000000000000711e+01
2.500000000000000355e+01
2.899999999999999645e+01
2.600000000000000355e+01
2.800000000000000355e+01
2.700000000000000355e+01
2.899999999999999289e+01
2.800000000000000355e+01
2.200000000000000355e+01
3.400000000000000000e+01
2.999999999999999289e+01
3.199999999999999645e+01
2.699999999999999289e+01
2.700000000000000355e+01
2.800000000000000355e+01
2.500000000000000355e+01
2.899999999999999289e+01
2.900000000000000355e+01
3.200000000000000000e+01
3.400000000000000000e+01
3.400000000000000000e+01
2.800000000000000355e+01
3.900000000000000000e+01
3.000000000000000355e+01
2.700000000000000355e+01
3.500000000000000000e+01
3.300000000000000000e+01
2.699999999999999289e+01
3.199999999999999289e+01
2.899999999999999645e+01
3.400000000000001421e+01
1.999999999999999645e+01
2.900000000000000355e+01
4.000000000000000000e+01
2.600000000000000355e+01
2.200000000000000355e+01
3.900000000000000000e+01
1.900000000000000000e+01
2.899999999999999289e+01
3.100000000000000355e+01
2.899999999999999645e+01
2.499999999999999289e+01
2.299999999999999645e+01
