2.000000000000000444e+00
-3.337427438909254398e-16
-3.707078769846757759e-16
1.000000000000000000e+00
9.999999999999997780e-01
3.338037676219847372e-17
-3.066049405542177201e-16
-7.275957614183426252e-16
3.637978807091713249e-17
-2.182787284255028073e-16
9.999999999999998890e-01
-6.456370782134191875e-16
-2.770959845617107934e-16
1.000000000000000000e+00
-2.000888343900442195e-16
-5.833964350061971184e-16
1.000000000000000444e+00
-1.486901927537635578e-16
2.000000000000000000e+00
-1.818989403545856625e-17
-5.015140701833564146e-16
-8.844275197181742737e-18
1.000000000000000000e+00
3.000000000000000444e+00
2.155092628989431659e-16
2.910383045673370599e-16
-7.107676182301325238e-16
1.682347368625397294e-16
-1.319048724300044891e-16
2.479395083698886426e-17
1.000000000000000666e+00
-5.851108730301304008e-16
-1.757261204025998283e-16
1.000000000000000444e+00
4.000000000000000000e+00
-3.637978807091713126e-16
-1.016466997050263694e-16
2.364686224609613704e-16
1.000000000000000444e+00
9.999999999999997780e-01
-3.304847891946158838e-16
1.000000000000000000e+00
1.000000000000000000e+00
-1.806006449102879135e-17
1.000000000000000000e+00
2.000000000000000444e+00
-2.174106880091908962e-16
-2.910383045673370599e-16
3.637978807091713126e-16
1.000000000000000444e+00
1.000000000000000444e+00
1.318847645881762395e-16
-2.546585164964199336e-16
5.820766091346741199e-16
-4.365574568510056146e-16
3.000000000000000444e+00
4.001776687800884389e-16
-8.043746009235037370e-16
-2.437617058373194272e-16
9.999999999999997780e-01
-1.013290590492303820e-16
-6.738517338011415347e-16
1.000000000000000666e+00
2.120868996592709658e-17
9.501791660544707342e-17
2.909960589729855026e-16
9.999999999999996669e-01
0.000000000000000000e+00
2.000000000000000000e+00
3.819877747446298758e-16
-1.480326817205174889e-16
1.000000000000000000e+00
1.455191522836685300e-16
-2.154494281718198411e-16
9.999999999999998890e-01
2.000000000000000444e+00
9.999999999999994449e-01
1.111209305270979482e-16
3.637978807091713126e-16
2.000000000000000000e+00
3.331297815827204687e-16
1.000000000000000888e+00
2.000000000000000888e+00
-6.730260793119669850e-16
-1.273292582482099668e-16
-2.379816622489833951e-16
1.000000000000000444e+00
-5.093170329928398672e-16
-7.047172260913259018e-16
9.999999999999994449e-01
-4.745361062646570620e-16
1.000000000000000000e+00
1.000000000000000444e+00
9.999999999999997780e-01
1.999999999999999778e+00
1.000000000000000000e+00
2.773308959822311728e-16
-5.456968210637570182e-17
-4.539336873601037906e-16
2.910383045673370599e-16
-3.769557375874094310e-16
