2.400000000000000355e+01
1.700000000000000000e+01
2.000000000000000000e+01
1.900000000000000000e+01
2.900000000000000355e+01
1.699999999999999645e+01
1.200000000000000355e+01
2.199999999999999289e+01
1.800000000000000000e+01
2.600000000000000355e+01
1.999999999999999645e+01
3.000000000000000355e+01
2.100000000000000000e+01
1.700000000000000000e+01
2.600000000000000355e+01
2.000000000000000000e+01
2.400000000000000355e+01
2.599999999999999645e+01
3.199999999999999289e+01
2.399999999999999645e+01
2.899999999999999645e+01
3.100000000000000355e+01
2.599999999999999645e+01
2.900000000000000355e+01
2.400000000000000355e+01
3.099999999999999289e+01
1.900000000000000000e+01
3.300000000000000000e+01
2.200000000000000355e+01
2.400000000000000355e+01
1.599999999999999645e+01
2.699999999999999645e+01
3.200000000000000000e+01
1.700000000000000000e+01
2.000000000000000000e+01
3.899999999999998579e+01
2.300000000000000355e+01
2.299999999999999645e+01
2.400000000000000711e+01
2.899999999999999289e+01
1.499999999999999645e+01
2.899999999999999645e+01
2.300000000000000355e+01
2.100000000000000000e+01
1.699999999999999645e+01
1.900000000000000355e+01
2.099999999999999645e+01
2.000000000000000000e+01
9.999999999999994671e+00
3.999999999999999556e+00
6.999999999999994671e+00
1.200000000000000178e+01
7.999999999999995559e+00
2.300000000000000355e+01
2.199999999999999645e+01
1.599999999999999645e+01
1.499999999999999645e+01
2.699999999999999645e+01
1.799999999999999645e+01
1.600000000000000000e+01
1.900000000000000000e+01
1.500000000000000178e+01
1.099999999999999822e+01
1.100000000000000178e+01
1.400000000000000178e+01
1.700000000000000000e+01
1.899999999999999645e+01
1.800000000000000000e+01
1.800000000000000000e+01
2.200000000000000355e+01
1.700000000000000000e+01
1.099999999999999645e+01
1.799999999999999289e+01
1.399999999999999645e+01
1.700000000000000000e+01
7.999999999999993783e+00
1.900000000000000000e+01
1.300000000000000178e+01
1.399999999999999645e+01
1.099999999999999645e+01
1.599999999999999645e+01
1.300000000000000533e+01
1.800000000000000355e+01
1.099999999999999822e+01
1.299999999999999822e+01
8.999999999999996447e+00
9.999999999999998224e+00
1.000000000000000000e+01
1.299999999999999822e+01
1.300000000000000178e+01
5.999999999999997335e+00
1.399999999999999645e+01
9.000000000000000000e+00
7.999999999999998224e+00
9.999999999999996447e+00
9.999999999999994671e+00
1.000000000000000000e+01
1.000000000000000178e+01
6.999999999999995559e+00
8.999999999999996447e+00
1.200000000000000178e+01
