1.000000000000000000e+00
-1.391993018536942488e-16
1.000000000000000000e+00
9.999999999999998890e-01
-1.455191522836685300e-16
-4.365574568510056146e-16
-3.162893785151056673e-17
-1.835624011886718632e-16
4.365574568510056146e-16
1.000000000000000444e+00
-1.346372237598333845e-16
-2.293175651110244726e-16
-3.241958003667891997e-16
0.000000000000000000e+00
-1.856927589388456953e-16
-2.409048482218632391e-16
-2.910383045673370599e-16
2.182787284255028073e-16
-1.309148324974100059e-16
-1.273292582482099668e-16
9.708684655048409948e-17
-2.182787284255028073e-16
-7.275957614183426499e-17
5.939297385285597102e-17
-1.455191522836685300e-16
9.999999999999994449e-01
1.455191522836685300e-16
-1.589756115210283724e-16
1.000000000000000000e+00
3.514097097700638861e-17
-2.495965159175163184e-16
1.000000000000000000e+00
2.000000000000000000e+00
-1.197349853004913083e-16
-9.164917383207481041e-17
9.999999999999997780e-01
3.487290978637950033e-16
-1.562294739963771834e-16
-1.702247264538101972e-16
2.182787284255028073e-16
9.999999999999994449e-01
-8.010997955947412466e-17
-2.000888343900442195e-16
9.999999999999994449e-01
-2.404447678688558941e-17
1.621019464374940745e-16
9.999999999999998890e-01
-4.118929691093207499e-16
1.000000000000000000e+00
9.999999999999998890e-01
-1.698524760645710329e-16
-3.828814126019697023e-16
-4.365574568510056146e-16
2.529010163159553211e-16
-2.910383045673370599e-16
-2.088348369806336276e-16
9.999999999999997780e-01
2.907083193003622227e-16
9.999999999999997780e-01
1.000000000000000000e+00
-3.534082597315345860e-16
2.210053069990751226e-16
1.455191522836685300e-16
1.000000000000000000e+00
-2.490743260471948387e-16
-3.021691483738793471e-16
2.182787284255028073e-16
-2.409706789900391568e-16
-7.573488319187088436e-17
-3.637978807091713249e-17
2.471273732674917126e-16
3.676695483826064722e-16
1.000000000000000000e+00
2.373439693610938144e-16
9.999999999999997780e-01
-9.047674342494225893e-17
-7.038023138092998529e-17
2.000000000000000000e+00
1.000000000000000444e+00
2.377020121810866887e-16
9.999999999999997780e-01
-2.910383045673370599e-16
-1.818989403545856625e-17
2.553014728782221794e-17
9.094947017729282815e-17
-1.140923060758816596e-16
1.818989403545856625e-17
9.999999999999997780e-01
-4.365574568510056146e-16
-5.016988186303814347e-16
0.000000000000000000e+00
1.536138422321755535e-17
2.182787284255028073e-16
3.336824826342724854e-17
-1.818989403545856625e-17
7.275957614183426499e-17
1.000000000000000000e+00
9.999999999999997780e-01
-3.744197193083239274e-16
-2.905970084672740017e-16
0.000000000000000000e+00
