3.819877747446298758e-16
1.814207306772874466e-17
9.999999999999997780e-01
2.910383045673370599e-16
-2.494461003888013164e-17
-5.352244936563677718e-17
3.919954102769983080e-18
-1.632612231393443420e-16
-3.494722212490382615e-16
-2.952036726509436275e-16
-5.456968210637570182e-17
4.365574568510056146e-16
-3.637978807091713126e-16
9.999999999999997780e-01
2.028527338430616336e-16
-1.455191522836685300e-16
-8.016659654741620347e-17
-4.444784343636771465e-16
7.701047316055263635e-17
1.000000000000000222e+00
-1.773554757417573923e-16
5.415458538849906249e-18
1.000000000000000000e+00
1.000000000000000000e+00
9.999999999999997780e-01
5.546274045765399349e-16
1.238154005308995665e-16
-2.350271333623287229e-16
1.867593301544570105e-17
7.275957614183426499e-17
-2.546585164964199336e-16
5.820766091346741199e-16
-9.094947017729282815e-17
2.930273538003116222e-17
-2.364686224609613704e-16
1.719363477905845134e-17
1.000000000000000444e+00
2.000000000000000888e+00
1.000000000000000444e+00
3.152318490360548768e-16
9.999999999999996669e-01
7.275957614183426499e-17
9.999999999999994449e-01
-3.980070298760237295e-16
-5.456968210637570182e-17
-7.275957614183426499e-17
-2.910383045673370599e-16
-2.182787284255028073e-16
2.273060881267963389e-16
9.999999999999998890e-01
7.275957614183426499e-17
2.496242697904502154e-16
4.080328540902871074e-17
-3.092281986027956231e-16
-4.781548270840275388e-16
-1.145777093212209593e-16
-4.001776687800884389e-16
7.275957614183426499e-17
1.541282196966706085e-16
9.999999999999997780e-01
1.936329832456219927e-16
9.999999999999997780e-01
3.339805196969282296e-16
-3.637978807091713249e-17
1.000000000000000000e+00
5.581147517367902563e-17
2.000000000000000000e+00
1.000000000000000000e+00
-8.785247359387998803e-17
-2.182787284255028073e-16
-3.905221220922896122e-16
-4.365574568510056146e-16
5.517278835931551671e-17
3.637978807091713249e-17
9.999999999999994449e-01
-2.051317751996509016e-16
-9.948473974534909394e-17
1.000000000000000222e+00
2.910383045673370599e-16
-3.328071222053697447e-18
1.000000000000000000e+00
7.102253791588722766e-17
5.480814426768606037e-16
1.999999999999999778e+00
3.637978807091713126e-16
-2.425406337220162708e-16
-1.483230876980334461e-17
2.364686224609613704e-16
9.999999999999997780e-01
-2.360140132208453974e-16
3.000000000000000444e+00
-4.365574568510056146e-16
-4.387961666496976777e-16
9.999999999999997780e-01
1.000000000000000444e+00
-6.288128269635106766e-17
2.182787284255028073e-16
1.000000000000000000e+00
7.275957614183426499e-17
-2.193206817583439225e-16
-3.970547873672676828e-16
