1.688646578032324090e-16
-7.945807562535351053e-17
-3.637978807091713249e-17
9.999999999999996669e-01
-2.910383045673370599e-16
-4.776318375680670577e-16
1.000000000000000444e+00
9.999999999999997780e-01
-2.546585164964199336e-16
5.456968210637570182e-17
3.000000000000000444e+00
-1.532227269170742649e-17
1.000000000000000444e+00
-7.275957614183426499e-17
3.254506425775515604e-16
4.164829403503027848e-16
-1.091393642127514036e-16
2.000000000000000888e+00
-3.199308545389151376e-16
-9.877874026076026961e-17
9.999999999999996669e-01
-2.353003075780122706e-16
-1.637090463191270931e-16
9.999999999999997780e-01
-3.274180926382541863e-16
-3.819707130468801322e-16
9.999999999999997780e-01
-7.275957614183426499e-17
1.473766452106632495e-17
4.365574568510056146e-16
2.429202364981614096e-16
-5.093170329928398672e-16
-5.984493497298154584e-18
1.000000000000000000e+00
2.000000000000000888e+00
-3.101095053945475143e-17
1.000000000000000222e+00
2.910383045673370599e-16
-4.248073226329079097e-16
1.000000000000000444e+00
1.107987533671781887e-16
1.000000000000000000e+00
1.818989403545856625e-17
6.002665031701327323e-16
-2.910383045673370599e-16
-5.438715649696592407e-16
1.875995886857315085e-16
2.910383045673370599e-16
-1.332296884724703561e-16
-2.835028966998238147e-16
-2.910383045673370599e-16
9.999999999999993339e-01
-1.427359765858007204e-16
1.455191522836685300e-16
-3.092281986027956231e-16
7.275957614183426499e-17
-1.455191522836685300e-16
2.771256737307499018e-17
1.000000000000000222e+00
-1.091393642127514036e-16
9.999999999999997780e-01
3.005662100225722323e-16
1.000000000000000444e+00
2.000000000000000444e+00
1.000000000000000000e+00
-5.891022909845264434e-17
7.514439066080614756e-17
-7.046789358275053841e-18
-2.949837700857180446e-16
0.000000000000000000e+00
2.910383045673370599e-16
1.455191522836685300e-16
-2.496911366011888085e-16
1.990906073017245800e-16
2.564765517913237568e-16
6.457329155885560171e-16
1.000000000000000222e+00
1.000000000000000000e+00
9.999999999999994449e-01
-2.546585164964199336e-16
2.303646256971614610e-16
1.000000000000000000e+00
-1.732496179855894190e-16
2.153769162717126515e-18
4.113337631552196176e-16
-1.455191522836685300e-16
-1.615000652789889416e-16
1.000000000000000444e+00
1.455191522836685300e-16
-7.132775350563193202e-16
-2.182787284255028073e-16
1.818989403545856625e-17
2.852873245262679965e-17
-2.559165659328198877e-16
2.148814710975407078e-16
1.460709711522273939e-16
4.911271389573812548e-16
1.455191522836685300e-16
1.000000000000000000e+00
5.501633448505425502e-17
0.000000000000000000e+00
