1.000000000000000222e+00
0.000000000000000000e+00
-7.275957614183426499e-17
4.001776687800884389e-16
9.999999999999998890e-01
1.999999999999999778e+00
-4.911271389573812548e-16
-3.091014845303235692e-16
-3.092281986027956231e-16
2.000000000000000000e+00
1.000000000000000000e+00
1.000000000000000000e+00
-3.637978807091713126e-16
0.000000000000000000e+00
4.000000000000001776e+00
1.000000000000000444e+00
2.000000000000000888e+00
1.000000000000000444e+00
4.000000000000000000e+00
3.000000000000000444e+00
9.999999999999996669e-01
2.999999999999999112e+00
6.433665342251937095e-17
1.000000000000000000e+00
1.999999999999999556e+00
1.999999999999999778e+00
1.999999999999999556e+00
2.000000000000000000e+00
9.999999999999997780e-01
9.999999999999994449e-01
4.000000000000000000e+00
9.999999999999994449e-01
9.999999999999997780e-01
9.999999999999998890e-01
8.517065096119269048e-16
1.999999999999999778e+00
1.000000000000000444e+00
-1.707574627327201066e-16
2.000000000000000444e+00
2.000000000000000444e+00
2.000000000000000444e+00
1.999999999999999556e+00
-6.730260793119669850e-16
1.000000000000000000e+00
9.999999999999994449e-01
2.000000000000000000e+00
4.000000000000000000e+00
8.367351256310940042e-16
1.999999999999999556e+00
2.000000000000000888e+00
1.000000000000000000e+00
1.999999999999999556e+00
1.000000000000000444e+00
4.000000000000000000e+00
3.000000000000000444e+00
9.999999999999991118e-01
4.000000000000000888e+00
1.000000000000000000e+00
2.000888343900442195e-16
1.455191522836685300e-16
9.999999999999997780e-01
9.999999999999998890e-01
2.000000000000000000e+00
2.000000000000000000e+00
2.000000000000000000e+00
1.999999999999999556e+00
9.999999999999997780e-01
1.999999999999999778e+00
9.999999999999994449e-01
2.000000000000000000e+00
4.000000000000000000e+00
-2.364686224609613704e-16
1.000000000000000444e+00
-8.048928851456403117e-16
-5.445457146631237059e-17
3.000000000000000444e+00
-3.637978807091713126e-16
9.999999999999996669e-01
9.999999999999997780e-01
1.000000000000000000e+00
-7.275957614183426499e-17
1.999999999999999556e+00
1.999999999999999556e+00
-4.365574568510056146e-16
9.999999999999998890e-01
4.000000000000000000e+00
-4.365574568510056146e-16
1.000000000000000444e+00
3.000000000000000444e+00
-3.335589397697913410e-16
9.999999999999997780e-01
2.000000000000000444e+00
1.455191522836685300e-16
1.999999999999999556e+00
9.999999999999998890e-01
1.999999999999999778e+00
3.000000000000000888e+00
1.273292582482099668e-16
2.000000000000000000e+00
9.999999999999997780e-01
2.000000000000000000e+00
