-7.906511742039285358e-17
-2.910383045673370599e-16
-3.315019529188855412e-16
-4.025145574435227975e-17
-1.656203936873871932e-16
1.000000000000000000e+00
2.000000000000000000e+00
1.000000000000000000e+00
9.999999999999996669e-01
9.999999999999997780e-01
-2.306246659735004306e-17
1.000000000000000444e+00
-5.454326395907077905e-16
-2.319211489520967173e-16
9.999999999999997780e-01
-3.834052693297419808e-16
6.209150095695089909e-16
-3.745718600759196785e-16
2.000000000000000888e+00
1.000000000000000444e+00
-3.746220509728416951e-16
1.999999999999999556e+00
-3.637978807091713126e-16
2.782613006276214557e-16
9.999999999999996669e-01
1.999999999999999556e+00
1.000000000000000000e+00
8.780959655914985778e-17
1.455191522836685300e-16
1.000000000000000222e+00
-6.226586690655788627e-16
-2.182787284255028073e-16
2.000000000000000000e+00
1.455191522836685300e-16
1.000000000000000000e+00
1.525253148933610836e-16
-2.070329451754128571e-16
2.097980060201657364e-16
1.000000000000000444e+00
3.637978807091713249e-17
4.336264509153416917e-16
1.000000000000000000e+00
-3.791778997808220616e-16
-2.910383045673370599e-16
-5.820766091346741199e-16
3.000000000000000444e+00
-9.094947017729282815e-17
0.000000000000000000e+00
-2.910383045673370599e-16
-4.029195453332084302e-17
9.999999999999996669e-01
1.000000000000000000e+00
-7.275957614183426499e-17
6.366462912410498340e-17
-8.061617619841568004e-16
1.999999999999999778e+00
9.999999999999998890e-01
3.501280226716454762e-16
1.000000000000000000e+00
1.000000000000000222e+00
9.405724800349364946e-17
1.000000000000000444e+00
1.000000000000000444e+00
-7.275957614183426499e-17
2.075006575717202006e-16
0.000000000000000000e+00
4.000000000000000000e+00
9.999999999999997780e-01
4.780641250651187359e-17
-2.932358694883800319e-16
1.000000000000000444e+00
2.063580204032786627e-16
-3.625050083458026171e-18
-3.460760410664545428e-17
-5.359034871382700548e-16
-2.182787284255028073e-16
-5.645217022761084953e-16
3.000000000000000444e+00
9.999999999999998890e-01
-5.222354370868732628e-16
2.936975457623780736e-16
-1.455191522836685300e-16
2.000000000000000444e+00
-1.185469762605497333e-16
9.999999999999993339e-01
-2.038047509828974521e-16
4.366645815334186729e-17
9.999999999999998890e-01
-3.343018162698087383e-16
-2.371274506637298510e-16
9.999999999999993339e-01
-2.684785090474288109e-16
-1.455191522836685300e-16
-6.548361852765083725e-16
1.797994248040252948e-16
1.598255337898541564e-16
9.999999999999996669e-01
9.999999999999997780e-01
-5.820766091346741199e-16
5.209794645091546074e-16
1.999999999999999556e+00
