-1.628214965961064634e-16
2.255979551990824906e-17
1.999999999999999778e+00
9.999999999999993339e-01
1.000000000000000000e+00
-1.340932144805992917e-17
1.307270907794189429e-16
2.479013756314786621e-16
-3.050403569673178354e-16
-3.856872613073257940e-16
3.006185680577711075e-16
5.820766091346741199e-16
1.101402100654681830e-16
-1.289604828859333025e-16
-1.649543446547582344e-16
1.000000000000000000e+00
0.000000000000000000e+00
1.999999999999999556e+00
-7.094058673828841113e-16
9.999999999999997780e-01
-7.332942192971356168e-17
2.000000000000000000e+00
-1.818989403545856563e-16
5.093170329928398672e-16
5.161383146717940003e-17
-2.366925658489045482e-16
1.999999999999999778e+00
2.910383045673370599e-16
9.999999999999997780e-01
1.000000000000000000e+00
4.807562333996398254e-17
9.999999999999997780e-01
-2.910383045673370599e-16
-2.011226896414795914e-16
1.334166590704766820e-16
1.172259843183710943e-16
-2.142089767566690851e-17
1.999999999999999778e+00
-3.733506568099191207e-17
-6.560230262535847870e-17
-2.015018896995617083e-16
2.635041677793926726e-16
5.700951120926329947e-17
1.759138837585383826e-17
-2.739020422753615534e-16
-1.032479634662847685e-16
-3.876111112370769284e-16
2.999999999999999556e+00
5.713194899019201109e-16
1.000000000000000444e+00
-5.501639741938193817e-16
9.999999999999998890e-01
1.009757077786998491e-16
-3.039780503294720142e-16
-2.910383045673370599e-16
1.000000000000000444e+00
-3.274180926382541863e-16
1.519886394393804955e-16
1.999999999999999778e+00
3.753514892489651756e-16
9.999999999999998890e-01
1.386759982761693146e-16
-8.729403793526552651e-17
1.031829830328430135e-16
-1.455191522836685300e-16
-5.093170329928398672e-16
4.411716535661088757e-18
1.000000000000000222e+00
-1.450604009480068495e-16
1.000000000000000222e+00
9.999999999999998890e-01
2.000000000000000000e+00
2.000000000000000000e+00
1.380794189432429651e-16
1.000000000000000000e+00
-7.275957614183426499e-17
-1.455191522836685300e-16
0.000000000000000000e+00
1.000000000000000666e+00
-5.820766091346741199e-16
-9.640643838793040943e-16
-3.412380851892630635e-16
-2.182787284255028073e-16
2.000000000000000444e+00
1.000000000000000444e+00
-1.549755321233935357e-16
1.999999999999999556e+00
9.999999999999997780e-01
-1.542992133511301094e-17
9.999999999999997780e-01
2.589347919814985122e-18
1.000000000000000000e+00
-3.620158209899304831e-16
-4.484580037598026159e-17
-2.219605503406973264e-16
2.000000000000000444e+00
1.000000000000000000e+00
-1.108100671679497048e-16
2.201259668286341095e-16
1.000000000000000444e+00
9.999999999999997780e-01
