2.000000000000000888e+00
9.999999999999987788e-01
1.999999999999999556e+00
-1.183526925800906552e-16
3.000000000000000444e+00
2.000000000000000000e+00
9.999999999999994449e-01
1.999999999999999556e+00
7.548806024715305439e-16
2.000000000000000888e+00
1.000000000000000222e+00
3.200454456118292529e-16
2.999999999999999556e+00
9.999999999999997780e-01
1.500666257925331831e-16
4.000000000000000000e+00
1.000000000000000000e+00
-7.275957614183426499e-17
1.999999999999999334e+00
2.000000000000000000e+00
-8.003553375601768779e-16
9.999999999999994449e-01
9.999999999999997780e-01
1.000000000000000000e+00
3.092281986027956231e-16
3.000000000000000444e+00
6.028952425631872543e-17
-6.493691792150567640e-16
9.999999999999988898e-01
-2.910383045673370599e-16
3.999999999999999556e+00
1.999999999999999556e+00
9.999999999999994449e-01
2.000000000000000000e+00
1.000000000000000444e+00
2.000000000000000000e+00
1.999999999999999556e+00
1.999999999999999556e+00
2.000000000000000000e+00
1.000000000000000444e+00
9.999999999999997780e-01
0.000000000000000000e+00
-4.493191777296771212e-17
1.000000000000000222e+00
3.999999999999999112e+00
1.000000000000000222e+00
2.999999999999999556e+00
3.999999999999999556e+00
1.000000000000000444e+00
1.999999999999999556e+00
1.000000000000000444e+00
2.000000000000000000e+00
1.999999999999999556e+00
-7.850822121226933759e-16
4.000000000000000000e+00
1.999999999999999778e+00
9.999999999999994449e-01
9.999999999999998890e-01
-6.548361852765083725e-16
1.999999999999998890e+00
2.000000000000000000e+00
2.000000000000000000e+00
1.999999999999999778e+00
-2.910383045673370599e-16
9.999999999999997780e-01
1.999999999999999778e+00
-4.201570226411842618e-16
9.999999999999996669e-01
1.000000000000000000e+00
9.999999999999996669e-01
4.000000000000000000e+00
9.999999999999997780e-01
9.999999999999997780e-01
1.999999999999999778e+00
2.000000000000000000e+00
1.999999999999999556e+00
1.999999999999999556e+00
9.999999999999998890e-01
-4.363055761021882150e-16
3.000000000000000444e+00
1.000000000000000444e+00
3.000000000000000444e+00
4.000000000000000000e+00
1.000000000000000000e+00
2.000000000000000888e+00
1.000000000000000000e+00
4.000000000000000000e+00
-5.093170329928398672e-16
-5.275069270282983811e-16
9.999999999999996669e-01
9.999999999999998890e-01
2.000000000000000000e+00
-3.972777603161077347e-16
3.476888873525735706e-16
6.548361852765083725e-16
2.000000000000000888e+00
1.000000000000000666e+00
-4.365574568510056146e-16
-1.818989403545856625e-17
-5.456968210637570182e-17
1.000000000000000444e+00
